function spec=sc_spec()
spec=[...
    2110;4210;5310;6410;7130;
    4211;5311;6411;8111;9511;12321;11111;
    2210;4310;5410;6110;7210;
    4311;5411;6111;8211;
    2310;4410;5110;6210;7310;
    4411;5111;6211;8311;
    2410;4110;5210;6310;7410; 
    4111;5211;6311;7411;];
